INSERT INTO foo VALUES 
(3358),(3323),(6161),(4950),(5632),(9265),(7305),(5305),(3990),(8599),
(6725),(8642),(2604),(7064),(8918),(5448),(5861),(6810),(423),(7168),
(4945),(5447),(4722),(4223),(7691),(8245),(504),(6364),(6300),(5001),
(8933),(3553),(947),(210),(7842),(6420),(6422),(1241),(4960),(1650),
(8412),(8431),(2461),(4924),(2363),(435),(3634),(6666),(8560),(4530),
(9088),(5444),(1594),(9291),(8726),(1046),(4795),(6505),(3170),(1449),
(8884),(239),(5212),(9469),(1354),(4056),(3446),(560),(7555),(4909),
(2975),(6562),(3153),(6671),(5577),(2617),(6723),(8598),(1109),(1695),
(4133),(449),(6587),(5645),(3971),(4749),(9071),(5485),(2212),(7221),
(1245),(9374),(7185),(2074),(207),(6829),(5860),(3816),(1635),(5174);
INSERT INTO foo VALUES 
(3457),(2041),(4111),(4079),(9008),(2350),(6903),(3957),(2970),(9474),
(8939),(8166),(8703),(1417),(8122),(496),(616),(4041),(6529),(1809),
(5937),(9293),(1742),(2625),(7057),(2533),(5372),(5168),(7528),(5641),
(4300),(4511),(5698),(426),(3381),(9753),(7356),(7212),(9002),(7295),
(2897),(67),(5216),(2988),(8832),(3095),(770),(493),(6132),(1171),
(6798),(8919),(5081),(8530),(6539),(2018),(5697),(2081),(8782),(128),
(6172),(3891),(253),(8733),(1852),(3780),(7205),(1757),(7920),(4306),
(2868),(7889),(2599),(188),(4402),(5895),(1180),(225),(8714),(4750),
(4247),(8596),(3989),(8569),(121),(2267),(8181),(6684),(6469),(7734),
(1957),(1681),(3610),(761),(4432),(171),(8026),(7752),(5630),(6042);
INSERT INTO foo VALUES 
(6237),(4654),(4406),(7770),(7074),(3040),(7547),(2940),(7925),(8320),
(4013),(9670),(6288),(6367),(9485),(7608),(5425),(7599),(7362),(5120),
(8387),(6495),(1277),(4446),(3236),(8750),(8231),(9209),(4782),(7660),
(8761),(6917),(4828),(6706),(3020),(6461),(4227),(9422),(7002),(1220),
(4258),(6611),(7569),(4507),(9530),(9503),(7112),(2956),(9491),(3387),
(7186),(9738),(528),(276),(3930),(5949),(1111),(4405),(5162),(9974),
(8553),(520),(3223),(5626),(6291),(8658),(8449),(8818),(9740),(4308),
(6371),(5410),(6777),(2582),(9788),(5021),(8085),(5059),(2701),(9273),
(7341),(6515),(7500),(1514),(4788),(2275),(3566),(610),(5364),(2545),
(5186),(3443),(1249),(3008),(4554),(4184),(9294),(5986),(3107),(8924);
INSERT INTO foo VALUES 
(5238),(7587),(5582),(5798),(987),(8639),(9444),(862),(7167),(1286),
(3207),(3186),(6872),(6088),(1124),(4656),(1624),(4802),(2071),(970),
(876),(4430),(9276),(5558),(9107),(2637),(4988),(7983),(8237),(1945),
(7512),(6805),(7513),(4513),(9182),(7870),(5445),(5147),(2842),(6560),
(7393),(22),(9457),(6436),(9404),(9969),(2460),(8844),(5252),(1730),
(3889),(2399),(3956),(2229),(7346),(9211),(6989),(6323),(3758),(9089),
(2330),(3953),(7574),(2720),(5403),(5095),(9483),(3079),(9512),(9910),
(6644),(3376),(2273),(4944),(2075),(1062),(6738),(1056),(2138),(662),
(6808),(1234),(5884),(4057),(9057),(811),(1219),(3805),(1255),(6124),
(5297),(6308),(12),(4923),(1377),(9236),(4860),(923),(7252),(5258);
INSERT INTO foo VALUES 
(1600),(5321),(484),(4662),(9185),(503),(9051),(6532),(1428),(9046),
(9559),(3048),(7162),(4055),(143),(7740),(2686),(2741),(1076),(3253),
(1806),(5261),(7648),(7473),(8987),(6490),(5231),(889),(4866),(1252),
(6947),(2056),(8132),(1407),(6915),(5658),(7673),(1751),(4118),(9875),
(1921),(9243),(4415),(6819),(9392),(4583),(5118),(8827),(5921),(5005),
(5811),(9590),(1190),(5683),(3856),(7330),(8222),(2274),(9784),(9036),
(9018),(8063),(6332),(6772),(8469),(7059),(7110),(74),(5754),(2135),
(5794),(9382),(9151),(7105),(8112),(5810),(2181),(8398),(6359),(4181),
(9309),(779),(6932),(8377),(3165),(6263),(1448),(903),(1801),(8576),
(8984),(5214),(4225),(2524),(1826),(6687),(5657),(2260),(3637),(7692);
INSERT INTO foo VALUES 
(1877),(6032),(8263),(4260),(2676),(1496),(5607),(1172),(5450),(2754),
(6041),(5750),(6806),(9593),(7989),(1184),(640),(1276),(6343),(4244),
(9431),(7732),(5839),(914),(84),(8424),(776),(9428),(2958),(5906),
(5181),(1389),(4063),(4869),(1617),(8637),(7754),(7266),(2323),(6521),
(7530),(9417),(629),(1085),(9730),(5667),(8941),(5086),(9981),(9781),
(6206),(6071),(9887),(9677),(8040),(4019),(2050),(8394),(6328),(1412),
(7822),(548),(5203),(7055),(9187),(2428),(9375),(5155),(5713),(820),
(3362),(556),(9551),(4793),(4205),(8153),(4039),(4502),(8076),(7342),
(1825),(3067),(9371),(5476),(5407),(7407),(2779),(4938),(7127),(1338),
(4007),(8915),(7331),(4444),(6131),(8344),(6391),(3927),(5137),(4282);
INSERT INTO foo VALUES 
(8466),(3056),(4660),(8113),(6282),(5924),(7358),(5889),(1876),(4504),
(2682),(8815),(1543),(424),(8099),(2886),(6752),(5670),(1386),(1348),
(8752),(6674),(3754),(2491),(9287),(2906),(5837),(9691),(4048),(1376),
(5473),(1226),(5415),(9759),(8425),(9300),(8562),(1676),(509),(3199),
(5256),(8485),(8462),(2438),(842),(7554),(1964),(2044),(2168),(7887),
(9575),(3300),(741),(5553),(2652),(1994),(6213),(2778),(9802),(7470),
(7506),(9164),(9600),(9195),(1333),(2325),(3878),(3644),(386),(8778),
(3873),(1680),(2064),(341),(9838),(7352),(7198),(7514),(8923),(3705),
(8611),(524),(5814),(2243),(8396),(7308),(9760),(8707),(8427),(4445),
(3750),(3377),(8294),(3876),(1655),(9959),(3123),(2093),(2860),(9455);
INSERT INTO foo VALUES 
(7366),(1763),(9617),(6219),(849),(5292),(123),(9183),(3623),(5589),
(4275),(1254),(2859),(6085),(4806),(954),(491),(3149),(290),(1120),
(6524),(5272),(4364),(9001),(7797),(5887),(7628),(6765),(3318),(7828),
(266),(5035),(3722),(2364),(1015),(2632),(8913),(3914),(1106),(2324),
(9366),(5097),(9135),(9603),(6189),(3028),(110),(5671),(6482),(5749),
(1339),(174),(6880),(1881),(6839),(4343),(5774),(5575),(6923),(6451),
(5894),(1623),(6817),(1102),(6094),(9369),(5690),(7451),(7617),(3173),
(9613),(3639),(5206),(3701),(8399),(6100),(1692),(8950),(242),(2748),
(697),(4573),(4740),(9847),(2361),(2271),(4412),(1213),(8426),(1379),
(9112),(8856),(6146),(5210),(8616),(3167),(4520),(2918),(3529),(3581);
INSERT INTO foo VALUES 
(1762),(7938),(2485),(2798),(1766),(3371),(3907),(1626),(4602),(9475),
(7228),(6992),(9709),(3781),(3709),(5019),(8584),(3477),(3373),(5568),
(8238),(458),(4325),(7293),(7882),(8823),(7129),(4739),(2644),(91),
(7005),(6262),(9080),(5947),(4506),(4456),(7952),(3962),(9424),(826),
(7717),(1427),(9808),(8266),(5114),(8715),(9852),(3680),(9968),(7696),
(4973),(9116),(5227),(178),(9310),(2400),(540),(2252),(6017),(9266),
(7872),(303),(272),(7044),(9248),(7192),(8577),(6512),(5286),(7958),
(7567),(2263),(3735),(5432),(4913),(9393),(3168),(8093),(2850),(3940),
(6509),(5319),(3742),(6792),(8438),(6939),(6445),(3006),(9109),(9391),
(9081),(4873),(819),(8986),(2318),(8031),(3524),(5996),(2777),(4921);
INSERT INTO foo VALUES 
(7485),(4222),(5901),(3197),(7457),(3359),(9674),(2597),(9628),(1077),
(7698),(9607),(3700),(4636),(2865),(5867),(8686),(7458),(1558),(7259),
(6278),(4971),(2730),(4646),(8962),(4858),(3712),(7620),(4997),(8423),
(8951),(1540),(155),(9653),(1008),(5640),(8895),(8541),(6948),(2696),
(5249),(5356),(8142),(2129),(3697),(9290),(2844),(6294),(9219),(7384),
(4989),(4253),(9744),(6354),(527),(7946),(1129),(2142),(2268),(5268),
(2172),(9535),(5654),(8629),(8204),(6384),(8116),(1782),(3982),(4369),
(3039),(7808),(3810),(9563),(9657),(4330),(8032),(5571),(6336),(6350),
(8157),(327),(8156),(2314),(8225),(2133),(1850),(2717),(7769),(3478),
(4745),(9584),(2469),(4310),(4547),(2095),(4524),(3533),(9288),(1393);
INSERT INTO foo VALUES 
(6266),(7447),(2916),(55),(5318),(3893),(4637),(1308),(1834),(1900),
(1058),(8967),(9706),(1619),(9576),(6376),(3950),(4807),(7165),(8949),
(8581),(1907),(7933),(1799),(219),(961),(6700),(7135),(6535),(7604),
(9885),(3960),(5293),(9054),(6353),(5969),(7811),(5282),(4755),(9069),
(8453),(6106),(1468),(3945),(5899),(1552),(2111),(1739),(4213),(683),
(2486),(5386),(6333),(5366),(2680),(8070),(4824),(3975),(6934),(274),
(3618),(2994),(6154),(7763),(6055),(7306),(4350),(1841),(4267),(9207),
(5601),(8429),(9157),(2008),(4251),(8697),(7262),(3896),(1451),(7644),
(9964),(3860),(8401),(3663),(5417),(1999),(6449),(3447),(8982),(8605),
(204),(8906),(6621),(7455),(1929),(166),(6804),(8306),(7094),(4508);
INSERT INTO foo VALUES 
(3748),(7804),(445),(3516),(637),(3057),(7469),(3292),(8518),(4346),
(7585),(4624),(1189),(9955),(3586),(6851),(1168),(5602),(2932),(1385),
(8281),(7954),(2647),(6341),(8172),(7651),(6181),(5378),(8210),(4228),
(7521),(6155),(2952),(6164),(5125),(5037),(456),(8133),(7049),(2107),
(3965),(9063),(9040),(8349),(5581),(3851),(3328),(5662),(5931),(5277),
(3271),(3453),(1637),(7070),(9972),(3211),(4457),(8447),(36),(7965),
(4564),(1983),(5688),(9196),(4141),(6386),(4220),(6703),(3579),(6670),
(6718),(1028),(3293),(427),(3262),(1858),(2941),(9892),(1002),(5173),
(1728),(1152),(336),(7242),(2357),(575),(2667),(5290),(5352),(2032),
(8811),(395),(7647),(1816),(3429),(8371),(2699),(5955),(4496),(9305);
INSERT INTO foo VALUES 
(6974),(1647),(7701),(4499),(5483),(9227),(9992),(7831),(9552),(3235),
(813),(7143),(8744),(3218),(4774),(6258),(8104),(7413),(5054),(1569),
(5010),(7386),(777),(104),(9487),(7405),(5542),(8803),(2010),(1947),
(9208),(4887),(254),(302),(7480),(9771),(2963),(647),(594),(6259),
(4810),(4926),(3822),(9373),(2230),(3324),(7552),(6454),(5548),(3333),
(6536),(3494),(9672),(3527),(208),(4240),(8670),(3829),(2211),(4768),
(772),(485),(2944),(8955),(2337),(2890),(6905),(42),(3744),(1810),
(9458),(7961),(3183),(4996),(9610),(8545),(2096),(4441),(9278),(6604),
(1712),(1230),(6409),(5280),(113),(6648),(1891),(1590),(3122),(6822),
(5068),(5085),(6578),(3012),(5538),(5664),(262),(1795),(2397),(8995);
INSERT INTO foo VALUES 
(8563),(2233),(6402),(7190),(6975),(6475),(7755),(2522),(3336),(4076),
(3232),(655),(4058),(9818),(8968),(8000),(4268),(5776),(1322),(1950),
(694),(8147),(63),(388),(577),(1049),(5027),(3037),(9651),(881),
(8018),(1755),(9419),(6242),(2126),(6711),(4032),(2068),(5527),(3216),
(2513),(5048),(5525),(7471),(8713),(698),(2899),(9022),(1844),(3395),
(1275),(7292),(365),(1967),(5999),(2760),(322),(421),(2317),(7215),
(4182),(2712),(5833),(357),(4891),(1506),(6994),(8492),(7410),(6389),
(9699),(1510),(8875),(1464),(4160),(7103),(598),(710),(9327),(684),
(6591),(9556),(7709),(3643),(6139),(2027),(9437),(9064),(8376),(9201),
(9342),(7765),(7851),(175),(6552),(7324),(444),(6356),(675),(559);
INSERT INTO foo VALUES 
(6758),(4613),(9470),(4458),(6617),(9097),(7257),(1885),(2504),(2196),
(8510),(1874),(5691),(8414),(5437),(2281),(588),(8829),(5423),(4372),
(4655),(7544),(4398),(3246),(6695),(4494),(39),(7874),(3980),(3399),
(5756),(2563),(6641),(9921),(2348),(5590),(6151),(3947),(1480),(2722),
(8351),(9667),(160),(5418),(2370),(9588),(7650),(7016),(5850),(6563),
(3393),(6603),(7459),(6009),(4022),(4262),(9033),(1266),(5267),(8847),
(8460),(3119),(3138),(9834),(2165),(6778),(5537),(1993),(7081),(1242),
(5573),(6898),(3855),(328),(7680),(6961),(4627),(4521),(9810),(8846),
(6747),(7082),(3517),(5808),(1960),(920),(275),(4647),(192),(3140),
(6825),(653),(3924),(8571),(3055),(6470),(9703),(8483),(5452),(8478);
INSERT INTO foo VALUES 
(3834),(4154),(3480),(901),(5768),(6643),(2792),(6882),(1515),(8841),
(2781),(1331),(9302),(465),(1396),(7819),(612),(8938),(3452),(7495),
(2811),(1796),(3487),(9247),(1222),(430),(734),(7299),(7153),(9970),
(2442),(9642),(6070),(5838),(139),(2127),(4379),(1912),(1968),(1581),
(5441),(7710),(4391),(4665),(1546),(4272),(8131),(2832),(2727),(3350),
(4226),(397),(3220),(4659),(360),(2736),(3003),(2950),(6050),(2724),
(8339),(8709),(172),(7852),(6299),(6570),(9506),(1050),(4856),(6250),
(4523),(5834),(9727),(4271),(9484),(3731),(2419),(4757),(9200),(8406),
(6095),(1518),(4016),(6565),(7766),(6269),(6383),(8372),(1291),(6864),
(2305),(5117),(5248),(2054),(5635),(9460),(4119),(4703),(3723),(9303);
INSERT INTO foo VALUES 
(6047),(2587),(4546),(7434),(2691),(4108),(8839),(8138),(6423),(354),
(1656),(3745),(6583),(8079),(8538),(5241),(6113),(2331),(9681),(507),
(5720),(2359),(7903),(3842),(5404),(4420),(3389),(592),(6123),(2394),
(4741),(5618),(755),(6863),(641),(8792),(4671),(3979),(132),(2444),
(9126),(7695),(5737),(5587),(8061),(2901),(5197),(2878),(4723),(1812),
(872),(8516),(7847),(3411),(8825),(1819),(3200),(5030),(3156),(593),
(3481),(6396),(1670),(4233),(4120),(8652),(700),(7147),(7944),(8279),
(838),(5594),(8434),(3769),(4614),(9222),(8382),(4878),(5927),(4327),
(8624),(6179),(9453),(3718),(1770),(4759),(9538),(7239),(8185),(7578),
(7280),(5564),(9798),(8143),(7406),(5211),(3666),(4904),(8838),(3419);
INSERT INTO foo VALUES 
(1566),(5278),(6476),(370),(957),(7871),(9917),(798),(6906),(2179),
(8258),(7533),(1137),(8101),(7684),(2603),(6216),(3301),(3342),(2529),
(7730),(852),(994),(4582),(4744),(9405),(1733),(7586),(2445),(4264),
(2205),(1897),(3344),(3603),(604),(3564),(4652),(9131),(7869),(7676),
(6196),(8228),(8137),(7866),(7032),(4252),(6760),(1936),(447),(5201),
(3510),(3052),(4029),(9719),(2020),(1026),(1523),(1645),(4334),(2416),
(7482),(9849),(899),(13),(7085),(8468),(5454),(9320),(9230),(7011),
(8547),(8961),(5271),(1853),(9367),(3063),(1440),(2402),(3698),(3525),
(1061),(136),(5269),(7977),(8386),(190),(4916),(6049),(52),(4487),
(2192),(4929),(3470),(8886),(2957),(4837),(8463),(6010),(5098),(3076);
INSERT INTO foo VALUES 
(7788),(4598),(2743),(4255),(5922),(9153),(4161),(2042),(7166),(4198),
(3565),(8519),(6659),(9299),(6173),(9876),(7037),(5815),(7400),(7278),
(3825),(5753),(4540),(5260),(693),(6251),(3591),(5825),(7472),(8494),
(3363),(1889),(9734),(5502),(8015),(3646),(5763),(521),(5484),(9813),
(5000),(2675),(7982),(3310),(9225),(8926),(7441),(4448),(224),(9129),
(3261),(5934),(1040),(1798),(4831),(1164),(7354),(3870),(9111),(5229),
(9188),(2896),(3365),(6403),(1446),(7645),(3021),(1023),(2922),(1456),
(4946),(7731),(4068),(4721),(8600),(3201),(1477),(4537),(8504),(7858),
(8247),(3774),(3445),(7631),(8813),(7092),(1835),(2431),(2852),(2752),
(1952),(6033),(333),(1236),(946),(4259),(2136),(321),(5370),(6225);
INSERT INTO foo VALUES 
(252),(9822),(5343),(7908),(7573),(6719),(2734),(7492),(9757),(6895),
(5696),(4601),(9615),(2375),(8058),(5830),(8034),(2971),(2565),(7096),
(9942),(5572),(6577),(7936),(6304),(5649),(7896),(7553),(8253),(6619),
(3460),(5487),(8952),(193),(8588),(3801),(2443),(8821),(8364),(5694),
(8108),(1123),(1564),(4482),(216),(9435),(7783),(4882),(1426),(7535),
(9946),(8023),(6780),(4729),(4464),(8353),(2931),(8324),(6497),(3405),
(9811),(5233),(5567),(2695),(9169),(1200),(7394),(6743),(6438),(3720),
(5961),(8363),(3650),(2355),(4905),(7416),(8081),(3007),(2189),(4047),
(5854),(8446),(4823),(7189),(7036),(7379),(8505),(8910),(856),(1942),
(8346),(7364),(4131),(1224),(7719),(9023),(4845),(1849),(8636),(5534);
INSERT INTO foo VALUES 
(5916),(4940),(3488),(2371),(5380),(173),(2592),(4315),(5065),(5719),
(7146),(2392),(4088),(9099),(9279),(511),(6908),(9384),(7349),(9513),
(1432),(2224),(4762),(1384),(7225),(8008),(2304),(9240),(6468),(335),
(9007),(5800),(9212),(725),(2593),(8479),(6579),(3366),(4677),(434),
(5040),(1043),(9896),(7244),(2584),(5911),(4216),(1861),(6481),(812),
(9585),(9067),(2718),(2326),(101),(6183),(6965),(887),(3410),(4319),
(8833),(7801),(9578),(440),(6096),(7440),(3070),(5740),(399),(8050),
(1246),(480),(3711),(8021),(398),(9975),(1156),(9197),(5102),(2354),
(3925),(2638),(2511),(3871),(1592),(6585),(4675),(5732),(7522),(9329),
(1878),(7464),(9344),(4167),(7969),(2863),(7273),(2007),(568),(1225);
INSERT INTO foo VALUES 
(6312),(2711),(4115),(9075),(4700),(3091),(3756),(2789),(836),(1133),
(7646),(6667),(7545),(487),(3493),(2407),(7025),(5533),(7256),(8716),
(7417),(572),(1021),(7353),(228),(7837),(8284),(1690),(2623),(5891),
(7580),(6382),(2747),(5153),(7570),(2838),(5391),(4475),(3874),(9888),
(1674),(5913),(8088),(759),(746),(8898),(7019),(3116),(791),(8665),
(2839),(9155),(3272),(928),(8290),(7065),(8160),(2509),(7884),(6785),
(821),(3422),(3916),(668),(6574),(5457),(3019),(8212),(1373),(2951),
(9480),(4470),(1081),(4269),(2345),(9245),(8931),(4009),(4392),(8615),
(9809),(8989),(3955),(9285),(9028),(3885),(6066),(2197),(1024),(4678),
(924),(2981),(3785),(518),(28),(9),(8395),(1033),(2948),(7571);
INSERT INTO foo VALUES 
(8539),(805),(4666),(4077),(8901),(1577),(7937),(3987),(6199),(3283),
(9776),(9907),(7251),(5541),(9510),(713),(3761),(8239),(8280),(3791),
(3726),(5237),(2636),(9440),(3573),(9665),(1949),(1790),(1965),(4322),
(442),(9574),(2377),(6556),(8270),(4935),(4586),(3707),(9983),(5656),
(2715),(7857),(3077),(9334),(9337),(7333),(6416),(8802),(6488),(6790),
(1098),(3828),(809),(17),(5728),(3132),(6471),(2387),(9146),(2531),
(2763),(9631),(2976),(373),(9360),(2732),(547),(9123),(181),(2626),
(7236),(2240),(2591),(2933),(7802),(4410),(7126),(5396),(6148),(3136),
(9170),(4202),(1473),(6348),(8334),(7502),(7159),(8345),(324),(9321),
(2959),(6553),(4892),(785),(7180),(1251),(4712),(9451),(7392),(3424);
INSERT INTO foo VALUES 
(5665),(627),(5381),(4730),(6078),(3219),(1737),(4556),(2516),(4015),
(8033),(4299),(6986),(3696),(6527),(2797),(8235),(4527),(9857),(6375),
(9721),(7274),(4211),(729),(5082),(9102),(3691),(5841),(5674),(6039),
(1143),(9702),(1169),(8914),(4966),(326),(8360),(6329),(9639),(1549),
(4242),(8347),(4864),(2986),(2265),(9878),(8392),(6226),(8049),(9550),
(9689),(5067),(2341),(5158),(8215),(3471),(1738),(281),(1329),(6607),
(3311),(2861),(3804),(3699),(2893),(9270),(2866),(8288),(4443),(1873),
(9743),(7061),(1346),(5799),(1854),(7931),(8783),(1735),(1939),(1693),
(6561),(8092),(7443),(1035),(7247),(2857),(5628),(7947),(9791),(974),
(6691),(2006),(2576),(3641),(998),(2825),(4006),(3622),(8536),(6759);
INSERT INTO foo VALUES 
(7529),(9511),(9165),(8534),(2086),(7657),(2313),(9597),(6467),(9269),
(8298),(4918),(539),(8452),(3465),(8812),(1537),(740),(4800),(7418),
(6654),(8738),(3127),(6443),(8840),(8117),(9114),(7089),(3604),(4476),
(8476),(6801),(1078),(1283),(7240),(913),(9029),(8678),(9010),(9592),
(8057),(7224),(38),(1324),(544),(8862),(2204),(6145),(7369),(2238),
(7860),(7508),(6555),(4249),(5853),(3880),(7606),(7576),(4970),(7729),
(2489),(4708),(8461),(2833),(1216),(6510),(1640),(2257),(3532),(951),
(2640),(9960),(9113),(5124),(5781),(8354),(133),(5466),(1673),(7223),
(2519),(3497),(3279),(5797),(801),(7187),(8520),(3869),(1547),(1788),
(9987),(8552),(8216),(5879),(3341),(8497),(9951),(781),(5803),(4827);
INSERT INTO foo VALUES 
(7627),(2600),(578),(6412),(8674),(6741),(1388),(1441),(4356),(9916),
(9773),(8189),(2785),(8036),(959),(2821),(5866),(9579),(1773),(9998),
(3799),(2279),(9145),(7993),(2935),(5384),(3473),(6638),(1355),(699),
(4566),(816),(830),(514),(482),(8657),(4451),(7581),(8010),(1363),
(5653),(2690),(1453),(9582),(106),(9679),(1722),(9835),(180),(5103),
(8315),(1703),(4279),(2962),(3084),(5980),(6058),(1811),(4830),(5213),
(564),(9993),(8114),(9986),(9452),(5043),(1368),(8118),(7254),(1007),
(459),(6958),(2547),(3740),(18),(9339),(6793),(5451),(984),(3503),
(8947),(420),(3988),(6664),(632),(8046),(2347),(1442),(9476),(8442),
(4142),(8470),(7790),(4366),(2968),(3038),(7380),(2163),(5755),(2937);
INSERT INTO foo VALUES 
(186),(7516),(3135),(4841),(246),(4185),(1104),(8421),(3721),(3506),
(2810),(6069),(2645),(3890),(2515),(5967),(1756),(3259),(5481),(3901),
(7786),(1163),(900),(3061),(5136),(1871),(6922),(5960),(1530),(5991),
(2546),(4669),(3274),(8527),(513),(1105),(1783),(4455),(6523),(1838),
(8687),(771),(1005),(2430),(8612),(5871),(9547),(7699),(3929),(2155),
(3043),(3866),(8980),(673),(2062),(4089),(8990),(973),(4179),(4074),
(743),(909),(9524),(8992),(2979),(2672),(3335),(7084),(1563),(1603),
(7636),(9867),(3601),(7941),(6657),(6871),(2108),(762),(9819),(6742),
(5192),(6267),(5935),(8459),(6781),(4422),(9676),(4651),(2011),(2598),
(4705),(6090),(5672),(6971),(6595),(6002),(5421),(9138),(1800),(6307);
INSERT INTO foo VALUES 
(9348),(6246),(9315),(1941),(4986),(8618),(169),(8645),(7955),(2596),
(3626),(9031),(4842),(7144),(6749),(495),(8513),(8170),(1422),(2251),
(9186),(8672),(9238),(157),(3998),(7351),(5463),(6615),(897),(7723),
(6240),(724),(6557),(3025),(3875),(6701),(3090),(6788),(2830),(453),
(4238),(1651),(1765),(3491),(5498),(1777),(5096),(4585),(2697),(2089),
(6037),(6602),(4765),(2382),(5510),(5773),(4365),(249),(1358),(5359),
(3322),(8304),(6647),(3578),(37),(2104),(2687),(2241),(2379),(4804),
(9317),(4298),(3289),(2864),(7726),(2493),(6245),(1285),(9704),(2806),
(8763),(2872),(7327),(3307),(2195),(2737),(4695),(1588),(2618),(348),
(3412),(8651),(7398),(6606),(9864),(5416),(1785),(8067),(8965),(4248);
INSERT INTO foo VALUES 
(3654),(7385),(5036),(3464),(9251),(1851),(4898),(5468),(4386),(7827),
(6107),(4103),(1839),(9143),(3213),(8072),(4964),(2121),(1424),(8486),
(7863),(7054),(2311),(9871),(7633),(5673),(6234),(8338),(3456),(6016),
(342),(3575),(5900),(1399),(9141),(7532),(6279),(4886),(1708),(8069),
(1361),(7340),(4980),(1065),(5401),(9381),(7194),(7322),(8499),(6589),
(7087),(5456),(2629),(4121),(3431),(3902),(8318),(2019),(3439),(2207),
(9258),(5110),(3555),(9438),(8727),(2185),(6230),(2109),(7724),(9148),
(6542),(6699),(5914),(8240),(5896),(6191),(8935),(2713),(4236),(7122),
(3196),(9694),(3498),(1479),(661),(5474),(2487),(129),(5600),(3899),
(9836),(1274),(657),(111),(5613),(8457),(1492),(9953),(6982),(5083);
INSERT INTO foo VALUES 
(6537),(5302),(8809),(8087),(4883),(7518),(2927),(8350),(7131),(1689),
(6036),(7243),(6415),(8074),(3877),(5303),(7496),(5878),(3999),(4336),
(2131),(1319),(9697),(479),(3665),(2223),(5535),(2231),(6637),(8206),
(7548),(2058),(8232),(9401),(1909),(5109),(8309),(1088),(9934),(2482),
(3444),(8169),(3689),(6028),(5516),(9507),(72),(4773),(2077),(2084),
(7934),(2846),(4648),(4551),(4775),(8393),(4617),(5775),(9509),(3252),
(1531),(802),(9332),(5851),(4450),(5908),(4086),(9561),(2845),(7378),
(436),(9389),(5472),(5471),(8203),(8002),(9516),(4303),(7668),(3179),
(454),(4318),(7776),(5061),(3240),(5176),(3783),(4634),(4078),(2360),
(7220),(9939),(5504),(687),(9606),(718),(5723),(3884),(5154),(9520);
INSERT INTO foo VALUES 
(8985),(170),(6447),(3607),(4612),(2494),(9447),(6390),(6998),(4337),
(9445),(9210),(2070),(8165),(6004),(131),(3997),(788),(7043),(6322),
(5325),(1067),(2996),(3504),(658),(4137),(3725),(1544),(9226),(5414),
(6491),(2332),(2150),(2562),(5944),(2254),(7461),(9514),(221),(8653),
(2867),(5718),(7772),(163),(4579),(7704),(2827),(1688),(4277),(7716),
(9863),(695),(8725),(2657),(2369),(5296),(599),(5875),(8276),(7844),
(1469),(9874),(6732),(9872),(6394),(2532),(5128),(3258),(6405),(5169),
(2575),(9322),(5265),(6265),(9346),(6319),(1139),(7347),(1107),(8201),
(3588),(512),(2458),(168),(6338),(6466),(1052),(6084),(7136),(3704),
(6520),(4001),(1372),(9517),(1402),(6609),(8908),(8127),(109),(8293);
INSERT INTO foo VALUES 
(1483),(8787),(6857),(2244),(1447),(3832),(2459),(5194),(792),(9800),
(1508),(5680),(6896),(3320),(586),(86),(7948),(3415),(8123),(7091),
(5467),(6531),(7816),(2535),(1269),(9933),(7429),(1869),(3824),(4483),
(3139),(6065),(5089),(1684),(61),(1042),(2595),(2802),(4848),(9629),
(8025),(6930),(7943),(437),(5651),(9591),(7864),(8816),(3660),(7820),
(8929),(9774),(215),(3402),(4512),(1183),(1131),(3129),(6799),(8503),
(935),(2123),(6346),(4812),(8047),(9829),(6601),(6849),(5492),(1360),
(8404),(4101),(3097),(619),(992),(6256),(4638),(9685),(8512),(4102),
(5745),(522),(7141),(6134),(7102),(2557),(197),(8888),(4338),(9827),
(1720),(6043),(870),(391),(2921),(4769),(6503),(4778),(6809),(5315);
INSERT INTO foo VALUES 
(530),(4358),(8100),(9873),(3881),(620),(1925),(5953),(6596),(3206),
(8793),(4354),(8669),(5766),(205),(1330),(6702),(4852),(555),(330),
(3617),(2939),(1366),(1135),(9433),(2433),(9914),(4129),(3796),(6166),
(5608),(2200),(68),(3060),(7124),(5856),(6381),(3267),(4687),(552),
(6327),(6271),(9733),(1875),(4643),(3486),(6729),(9937),(149),(2069),
(3888),(1836),(363),(7996),(4510),(3390),(9850),(2154),(1583),(7277),
(1591),(9100),(2624),(362),(5257),(1745),(1313),(7990),(5346),(2481),
(1663),(7130),(7214),(1746),(1743),(2621),(4027),(2495),(5824),(5829),
(4293),(8152),(4785),(3051),(4084),(3249),(4197),(1405),(2538),(2307),
(5355),(553),(937),(2877),(9980),(9678),(7930),(6169),(7876),(312);
INSERT INTO foo VALUES 
(6455),(7452),(4920),(5250),(9833),(7703),(977),(2980),(794),(4838),
(3210),(2246),(9140),(9577),(1207),(5727),(3348),(3476),(7232),(3085),
(5078),(681),(2017),(9817),(450),(1832),(5892),(5823),(7432),(7773),
(8891),(4168),(6305),(5126),(5998),(8597),(7791),(3554),(3687),(1833),
(3468),(3883),(4122),(1567),(4901),(1337),(5436),(2002),(1789),(8275),
(5041),(244),(8359),(7381),(5864),(942),(3598),(376),(3512),(7835),
(9072),(6080),(6933),(4776),(5424),(4884),(306),(7372),(5995),(8312),
(7918),(7348),(4753),(5224),(2870),(8559),(256),(57),(8589),(3913),
(6976),(5449),(7688),(8313),(1353),(7559),(5161),(82),(5140),(20),
(1842),(1267),(1341),(1868),(6425),(8760),(2029),(2561),(8383),(4314);
INSERT INTO foo VALUES 
(4148),(5826),(7813),(5284),(4692),(7682),(8435),(7609),(780),(125),
(6006),(3538),(6241),(1596),(3256),(1475),(4110),(537),(7862),(4694),
(2725),(4105),(4653),(5731),(4339),(2455),(5586),(8799),(1494),(5225),
(5419),(2113),(7083),(8352),(5578),(5232),(4724),(7503),(2999),(8631),
(7409),(8650),(3789),(7373),(2643),(3303),(5288),(3130),(6960),(3247),
(5725),(344),(7683),(9253),(3073),(6881),(8174),(7286),(2035),(5431),
(6977),(5164),(9352),(7588),(9722),(2),(5605),(1497),(5333),(618),
(717),(4992),(8635),(4438),(1846),(2166),(1966),(1458),(5127),(4474),
(9669),(760),(8106),(8740),(378),(1956),(6853),(3281),(3237),(411),
(1357),(1706),(6119),(2425),(3948),(4536),(3332),(7313),(8564),(5031);
INSERT INTO foo VALUES 
(3550),(8214),(4165),(638),(8175),(96),(7892),(4221),(7998),(1256),
(4840),(1541),(9941),(4452),(6227),(7489),(2144),(8916),(7900),(6105),
(1029),(7337),(214),(6507),(7774),(8355),(8415),(1551),(1498),(9076),
(76),(4735),(3269),(154),(1100),(6771),(5820),(2525),(6494),(300),
(9304),(8673),(8817),(6559),(3273),(1392),(2175),(2214),(1293),(8719),
(7283),(1342),(4575),(1404),(9228),(11),(7693),(4218),(6733),(5806),
(4324),(7312),(915),(9324),(6662),(6928),(1150),(2601),(7399),(6401),
(8291),(2479),(7817),(6089),(3397),(2160),(2568),(1793),(3584),(8295),
(623),(0),(7109),(8500),(2033),(4359),(6506),(8909),(3779),(9555),
(991),(2013),(650),(5559),(9203),(7702),(4071),(9596),(4289),(1321);
INSERT INTO foo VALUES 
(4733),(4239),(1268),(9705),(4394),(3482),(2580),(3327),(4899),(3786),
(2329),(2823),(3001),(6878),(2322),(567),(9883),(8620),(4565),(4241),
(3298),(8190),(9900),(5193),(9632),(375),(5958),(8871),(3755),(5020),
(1886),(5179),(3187),(8864),(789),(6740),(6385),(1879),(9545),(475),
(1122),(3898),(489),(103),(1094),(8249),(1253),(8728),(9493),(7309),
(8943),(6550),(5264),(2415),(4),(107),(4265),(5529),(7491),(8627),
(6045),(2000),(6024),(3630),(4355),(4522),(26),(6897),(5989),(8109),
(5521),(5294),(3974),(4998),(2393),(739),(167),(4478),(5948),(8736),
(6789),(5398),(601),(3897),(8905),(2915),(1069),(3649),(8437),(2571),
(1217),(3221),(3306),(3716),(9461),(2794),(8154),(4447),(4728),(343);
INSERT INTO foo VALUES 
(982),(5088),(8223),(4897),(7632),(5345),(2710),(9154),(997),(2262),
(1051),(9124),(7035),(1192),(2080),(9899),(980),(3843),(1210),(7021),
(5556),(5428),(2110),(8277),(4397),(4699),(5344),(2887),(902),(5930),
(3214),(9898),(6612),(1316),(4073),(4711),(3295),(5758),(4855),(8221),
(9215),(5609),(9048),(3864),(1281),(1022),(5621),(3083),(7624),(9562),
(1019),(8148),(4490),(6029),(4984),(4237),(2148),(8213),(803),(7437),
(6360),(7577),(3813),(4595),(5130),(9625),(3613),(9242),(1572),(2334),
(5689),(8300),(4266),(8251),(2066),(880),(2219),(8712),(2427),(4156),
(9415),(2134),(9280),(4099),(6247),(7623),(77),(1768),(3458),(8361),
(9301),(7669),(1598),(1533),(3994),(2847),(4764),(5993),(7142),(1381);
INSERT INTO foo VALUES 
(9341),(3277),(490),(2977),(8124),(6769),(3609),(5795),(361),(8191),
(6502),(1700),(8956),(5831),(5804),(3558),(4663),(8491),(1414),(9650),
(2422),(8333),(758),(589),(9656),(3496),(5579),(5475),(9319),(8971),
(6022),(3741),(4801),(2670),(6628),(146),(2702),(2284),(786),(1976),
(9598),(7911),(4144),(1593),(6845),(9216),(3413),(9982),(4421),(3991),
(4853),(4287),(2816),(4005),(3830),(3734),(5536),(2615),(4401),(9908),
(2824),(7756),(3743),(7498),(4140),(8780),(7950),(5024),(5897),(4080),
(4273),(2772),(2336),(1646),(5714),(9059),(9368),(649),(368),(5941),
(51),(3124),(4403),(6940),(5907),(4717),(4173),(5175),(6873),(2452),
(3205),(9361),(6957),(3185),(8699),(3917),(4555),(8205),(3171),(5275);
INSERT INTO foo VALUES 
(7449),(429),(8632),(9478),(4017),(3797),(2048),(7181),(5638),(5023),
(8227),(9017),(7179),(8557),(3280),(389),(8679),(3922),(3737),(9330),
(5784),(4569),(8348),(1837),(4217),(4772),(8595),(8095),(9192),(6968),
(9825),(6060),(3270),(6457),(7014),(3177),(8146),(9640),(4189),(945),
(3282),(463),(2542),(9661),(3918),(5557),(3868),(1991),(4505),(643),
(2183),(16),(4311),(584),(5790),(1367),(6),(2280),(5570),(4340),
(2663),(9038),(3807),(4465),(8422),(6763),(1113),(1754),(4885),(787),
(4495),(5880),(8554),(3355),(6867),(6907),(7284),(6178),(9635),(2735),
(9957),(1244),(3391),(3317),(5329),(2188),(4333),(9283),(7511),(2649),
(9806),(3372),(9232),(7412),(467),(3049),(7601),(9902),(5323),(3595);
INSERT INTO foo VALUES 
(4497),(715),(2451),(6826),(8685),(6567),(3046),(66),(1421),(3826),
(912),(184),(5627),(5435),(5624),(1559),(8663),(1922),(6201),(4658),
(2147),(464),(9177),(9308),(6704),(4378),(2449),(9851),(8574),(5992),
(1248),(5818),(6351),(7749),(4713),(1305),(9078),(4353),(1505),(4064),
(3162),(3194),(2590),(6786),(7258),(6887),(1013),(6936),(651),(152),
(9675),(135),(1705),(8743),(233),(9024),(9267),(5877),(9132),(8764),
(8077),(1934),(5442),(5340),(6162),(3751),(9971),(871),(1914),(5531),
(4538),(6807),(1829),(5915),(9690),(283),(2076),(5461),(1155),(2611),
(2094),(6716),(1803),(2895),(6631),(1484),(1071),(9884),(7875),(6345),
(3545),(2967),(8804),(2904),(4844),(4747),(4832),(8176),(236),(7238);
INSERT INTO foo VALUES 
(6715),(2862),(2567),(2498),(2929),(4928),(5836),(569),(3528),(4219),
(1609),(2900),(3926),(3142),(2249),(7655),(2639),(377),(3222),(2765),
(3768),(2854),(8754),(1764),(2156),(4463),(5499),(882),(2812),(6598),
(9110),(6407),(2655),(7060),(9443),(5004),(9695),(3370),(3676),(7004),
(8233),(2112),(7253),(995),(8193),(4335),(6818),(4280),(218),(2412),
(7169),(6575),(4766),(3941),(358),(6369),(958),(3611),(8814),(226),
(9966),(1237),(6827),(8784),(4229),(3092),(7042),(5183),(8928),(8689),
(6460),(9712),(8806),(7376),(6800),(9644),(8638),(5039),(5506),(6912),
(305),(7028),(5938),(469),(2202),(2537),(747),(8250),(9687),(3694),
(243),(1944),(7681),(6424),(9684),(9770),(5011),(3627),(2539),(8473);
INSERT INTO foo VALUES 
(855),(471),(6429),(7357),(6223),(541),(709),(407),(8289),(6931),
(1822),(7652),(7854),(7123),(7590),(9958),(9442),(8522),(7584),(4376),
(9504),(1409),(2553),(6478),(5997),(9190),(3808),(2040),(5226),(282),
(4642),(656),(461),(6547),(3313),(8477),(7422),(2766),(6020),(9609),
(8591),(7805),(5994),(2783),(2012),(7423),(2902),(4991),(4212),(8011),
(40),(9396),(4174),(603),(565),(3466),(5408),(9175),(1025),(7145),
(3886),(6395),(9989),(95),(2079),(6493),(4623),(1585),(8282),(7921),
(8454),(7367),(5769),(5940),(3765),(8272),(8358),(2321),(1918),(4488),
(1857),(904),(8998),(2046),(3771),(4716),(576),(3518),(3420),(8065),
(7792),(2541),(5566),(9518),(1802),(6109),(6474),(4002),(6916),(868);
INSERT INTO foo VALUES 
(9925),(4345),(9449),(2947),(1774),(532),(3814),(6485),(704),(41),
(6182),(5026),(31),(6588),(6414),(2908),(8219),(3287),(4542),(2953),
(5368),(8568),(9786),(6249),(883),(6999),(8269),(6264),(3576),(9202),
(2651),(2384),(9766),(9795),(5928),(1979),(7182),(5406),(7442),(7951),
(5134),(8604),(4107),(8329),(833),(581),(2556),(5554),(519),(2210),
(156),(5145),(1786),(6142),(1630),(8648),(2162),(5382),(1622),(7744),
(9612),(6321),(6483),(5738),(2216),(6306),(3840),(8747),(949),(727),
(3865),(15),(2030),(2543),(9350),(7071),(3908),(4571),(7272),(7294),
(3024),(5701),(797),(4371),(5470),(6944),(4010),(8988),(1351),(6639),
(7125),(2934),(5029),(2099),(1064),(1430),(5142),(5971),(9919),(5180);
INSERT INTO foo VALUES 
(5317),(8991),(9499),(5968),(3000),(4676),(7855),(3738),(89),(297),
(6114),(1888),(9489),(245),(8430),(7893),(9467),(7006),(3952),(6605),
(1099),(4437),(4760),(8684),(3837),(7045),(6439),(8043),(7421),(7612),
(9414),(6331),(8628),(6522),(8262),(4162),(2117),(8859),(6190),(8252),
(5802),(4826),(5526),(8086),(9009),(1661),(800),(7246),(2028),(3511),
(4034),(7923),(9745),(5903),(349),(7279),(8561),(5348),(4974),(2297),
(7114),(3631),(2884),(7311),(6326),(766),(112),(4492),(3959),(708),
(3787),(2767),(534),(4296),(7694),(9326),(5069),(9882),(7582),(8388),
(9482),(7981),(240),(8337),(3674),(4829),(4908),(3143),(2225),(5552),
(3719),(7984),(3633),(1350),(4347),(854),(2025),(2506),(8542),(5375);
INSERT INTO foo VALUES 
(607),(6993),(4706),(6435),(408),(2218),(9501),(1080),(9749),(1610),
(4123),(8936),(2698),(5984),(6335),(4879),(846),(7821),(1519),(294),
(6068),(895),(2269),(7806),(33),(7945),(7614),(5709),(7120),(4596),
(8506),(4594),(5801),(4323),(1228),(2100),(6419),(8003),(4900),(3059),
(4541),(3010),(8922),(1288),(8004),(1520),(2478),(8701),(5477),(1161),
(1758),(4688),(1087),(1677),(6192),(4454),(2673),(4235),(2328),(7697),
(4321),(1528),(3374),(8375),(2368),(6966),(3227),(5307),(1615),(8498),
(6128),(4881),(6298),(6027),(1951),(8593),(455),(7840),(4649),(2831),
(5074),(591),(6996),(6599),(4681),(8330),(7777),(5322),(6472),(4407),
(9772),(4390),(9565),(9548),(1423),(535),(1408),(5215),(8741),(8420);
INSERT INTO foo VALUES 
(1820),(5789),(8848),(5018),(1961),(5883),(9050),(5898),(4557),(5051),
(5342),(6549),(7972),(1867),(5963),(1855),(6926),(209),(5242),(4674),
(1493),(6753),(4689),(1352),(2234),(3536),(2998),(9886),(2807),(8053),
(6919),(7149),(7389),(9034),(9680),(1973),(8139),(558),(5254),(8543),
(7560),(2356),(9388),(1660),(9343),(3128),(8964),(5957),(4581),(8954),
(4621),(4469),(9840),(5511),(5313),(8343),(7640),(4808),(2744),(5550),
(1570),(5677),(6197),(7899),(9347),(3736),(1323),(3642),(1776),(8465),
(2128),(9544),(9710),(4993),(9948),(7960),(3029),(4104),(3659),(4231),
(782),(8195),(6812),(6889),(4147),(1195),(6325),(3166),(9477),(5819),
(3811),(4428),(4786),(6770),(9988),(6194),(2551),(1247),(7539),(1534);
INSERT INTO foo VALUES 
(3892),(9006),(4957),(7690),(3315),(7307),(5167),(2171),(566),(6448),
(468),(9408),(473),(200),(7184),(1053),(4732),(6815),(6890),(5063),
(1271),(2589),(9701),(6899),(2346),(5962),(8975),(5828),(5870),(56),
(6946),(7962),(5905),(587),(7365),(9271),(549),(1759),(5188),(5129),
(7671),(2828),(597),(8305),(2659),(7487),(6616),(686),(7463),(622),
(3616),(9652),(6046),(10),(5925),(8661),(885),(590),(7339),(7738),
(8555),(4234),(765),(9543),(6283),(1987),(3515),(9214),(1395),(460),
(1959),(8735),(8368),(9990),(7431),(3230),(195),(2015),(1382),(60),
(3867),(4284),(815),(5388),(6525),(6167),(7488),(1698),(2954),(259),
(9692),(2729),(5465),(2441),(5057),(1905),(1194),(148),(9526),(9870);
INSERT INTO foo VALUES 
(1170),(9751),(5982),(4972),(9515),(2782),(1901),(8297),(9599),(8501),
(6837),(2499),(5606),(3534),(3081),(2969),(4040),(5513),(6841),(2502),
(6433),(5569),(4332),(8411),(1611),(6363),(6876),(8417),(145),(3044),
(2762),(3375),(5767),(6235),(8970),(5787),(7332),(6949),(3164),(807),
(9498),(1913),(4274),(9045),(4618),(5978),(8532),(2674),(5761),(5917),
(7335),(2882),(6554),(1375),(721),(7160),(353),(6044),(6284),(3026),
(6378),(5532),(9991),(7505),(3198),(1824),(5760),(137),(6244),(2158),
(3276),(3104),(8790),(1397),(1278),(355),(403),(4629),(3552),(6112),
(5620),(8296),(918),(2448),(7051),(2380),(9601),(1127),(8646),(7558),
(5509),(3784),(988),(2116),(8125),(1082),(2047),(6632),(4449),(9174);
INSERT INTO foo VALUES 
(8894),(5751),(9984),(7079),(7509),(9016),(203),(5014),(1454),(9956),
(3042),(4003),(1262),(6776),(8937),(7778),(5863),(8119),(8907),(7861),
(4969),(4230),(2960),(3265),(3635),(1390),(4532),(8945),(6122),(1356),
(6768),(712),(5190),(8623),(9962),(2801),(289),(7963),(1410),(4644),
(8299),(6891),(422),(3347),(676),(2470),(1761),(9837),(8711),(5912),
(4754),(7297),(2892),(1927),(4243),(7784),(3436),(1310),(6985),(2898),
(1780),(3958),(678),(8054),(2373),(8676),(7919),(2936),(5072),(4199),
(117),(5666),(1969),(9149),(115),(3353),(185),(2583),(3821),(151),
(3050),(9525),(9553),(4626),(3904),(179),(4018),(5700),(2548),(8455),
(9707),(8029),(1532),(3368),(250),(4561),(3568),(2453),(6444),(6211);
INSERT INTO foo VALUES 
(7895),(8601),(1938),(2496),(9633),(8602),(9698),(5351),(7226),(1620),
(8502),(5332),(4509),(3245),(4159),(1211),(5729),(7076),(2671),(8041),
(9056),(4066),(9604),(3733),(5038),(8558),(3862),(3667),(3519),(1605),
(9459),(6814),(5166),(356),(6005),(5633),(7501),(2288),(2063),(5528),
(4503),(4501),(8874),(4962),(9807),(9333),(3309),(2648),(3658),(8467),
(5642),(730),(5942),(3977),(7841),(8163),(7654),(2174),(5092),(5371),
(4834),(8410),(9831),(2411),(85),(2151),(4584),(6924),(8517),(6496),
(2242),(4479),(4052),(531),(4187),(3911),(3668),(1257),(1400),(7041),
(2097),(6672),(9785),(3069),(3624),(7462),(4028),(2085),(3708),(1579),
(562),(7850),(1775),(1270),(70),(7746),(3937),(2437),(8177),(5859);
INSERT INTO foo VALUES 
(1625),(9062),(4767),(3776),(7010),(8301),(9570),(288),(1121),(4485),
(7839),(7222),(7980),(2426),(4927),(1460),(1075),(5389),(5650),(2907),
(2344),(1336),(7926),(6104),(3137),(9814),(6885),(1804),(5392),(6087),
(6275),(2630),(5793),(9830),(7546),(8656),(7928),(8218),(9379),(5121),
(8066),(5243),(6544),(9171),(6722),(6280),(5300),(5744),(8996),(102),
(5090),(6950),(5631),(273),(2945),(3053),(9815),(1575),(5777),(2115),
(6558),(4245),(5015),(3154),(271),(9950),(5443),(1538),(4206),(6220),
(3728),(1823),(4288),(5842),(3887),(2572),(6836),(7986),(3106),(7304),
(1292),(4608),(9564),(401),(3526),(8755),(2302),(6285),(6911),(5520),
(3582),(3421),(1893),(9096),(8487),(9660),(2466),(7787),(7639),(5050);
INSERT INTO foo VALUES 
(5593),(7662),(8852),(6156),(7959),(2635),(3337),(5185),(1003),(7800),
(1485),(9812),(858),(9965),(685),(5858),(6745),(3241),(7727),(8824),
(7063),(3678),(9349),(628),(2203),(9620),(7053),(8356),(7052),(8418),
(7),(392),(4037),(4351),(7233),(7494),(3150),(3380),(4053),(1986),
(29),(7566),(7018),(7907),(8609),(7007),(8211),(4963),(8149),(7970),
(990),(8198),(4893),(4937),(9176),(1958),(1418),(3651),(8161),(3900),
(775),(4560),(7154),(2055),(3993),(5832),(477),(3556),(4600),(2719),
(5341),(5314),(295),(8027),(7499),(4425),(4951),(5923),(5230),(4093),
(6766),(264),(3110),(6193),(452),(4008),(1070),(2286),(7713),(9673),
(7030),(1027),(9224),(3766),(9397),(6665),(390),(3031),(7230),(3297);
INSERT INTO foo VALUES 
(2856),(7375),(1128),(3849),(7556),(7390),(9314),(9399),(3094),(5862),
(4548),(6956),(6120),(2650),(4603),(32),(2740),(6015),(9395),(7897),
(9027),(4817),(1715),(9523),(7789),(823),(6694),(1511),(2837),(7596),
(2454),(9011),(2662),(8879),(8717),(7200),(7320),(6508),(1744),(9204),
(4276),(911),(2642),(3677),(9844),(7490),(339),(9217),(8051),(9634),
(2266),(4959),(8940),(9856),(6143),(3392),(4085),(8767),(9666),(2272),
(7956),(6320),(1039),(9977),(4680),(7708),(2684),(6707),(7799),(1306),
(5562),(4183),(9421),(6276),(7012),(2396),(2201),(8362),(4661),(3406),
(4106),(1807),(5255),(2137),(596),(9472),(2873),(6257),(6984),(7029),
(6349),(3035),(4263),(5615),(232),(2152),(3224),(5409),(4436),(736);
INSERT INTO foo VALUES 
(2530),(6614),(43),(3685),(8267),(6850),(4572),(4042),(3827),(1565),
(3208),(6295),(2578),(857),(6159),(3041),(2814),(4177),(9441),(6040),
(9362),(2818),(582),(3763),(3180),(701),(890),(7794),(9880),(7203),
(6714),(6653),(5574),(6823),(114),(1791),(9658),(9943),(7050),(4930),
(4821),(4825),(7047),(8374),(1142),(7728),(5139),(3451),(1439),(2446),
(2143),(8590),(7663),(3782),(1971),(7557),(6099),(3501),(8209),(7531),
(7425),(7607),(6492),(763),(6721),(7269),(6689),(7193),(6942),(5518),
(7424),(7139),(2709),(9711),(3058),(6417),(8633),(4124),(1970),(5703),
(1437),(5079),(1335),(1045),(1865),(5588),(3251),(7781),(5752),(1097),
(6681),(6202),(4896),(9410),(9761),(2653),(7467),(971),(9649),(7630);
INSERT INTO foo VALUES 
(3011),(4985),(3483),(3653),(3823),(5544),(7048),(1315),(5219),(8723),
(9945),(5712),(2186),(3567),(9286),(1186),(6021),(8254),(1641),(8771),
(4060),(488),(8162),(9432),(9412),(4784),(9256),(5614),(4434),(3414),
(4092),(4781),(8748),(9274),(2036),(263),(932),(9168),(6910),(6744),
(8889),(1618),(921),(7158),(2910),(4752),(8481),(3385),(516),(6342),
(9737),(4004),(6063),(7594),(9636),(2853),(1466),(332),(9904),(7575),
(5022),(71),(9418),(8314),(7066),(5625),(2869),(451),(8549),(5367),
(1083),(8273),(3762),(7382),(1639),(8445),(6548),(6779),(9234),(1817),
(1146),(1153),(9542),(4833),(919),(7591),(6260),(9221),(1438),(4385),
(6551),(6072),(3144),(7195),(8634),(8274),(6277),(9356),(6613),(1303);
INSERT INTO foo VALUES 
(8731),(6861),(7183),(8039),(3330),(936),(4593),(4790),(5064),(8326),
(6116),(323),(1805),(7598),(2390),(9020),(3469),(859),(1467),(8134),
(6082),(1686),(2410),(3474),(1055),(3189),(3428),(4116),(140),(9708),
(6642),(4382),(6133),(9748),(2780),(3729),(4615),(5721),(8357),(6927),
(4396),(8785),(1813),(866),(379),(2602),(5865),(4326),(1073),(8128),
(4854),(6203),(1010),(1340),(9463),(3212),(5932),(9092),(1924),(3818),
(7355),(6186),(5945),(756),(8484),(8930),(5263),(3614),(6762),(5847),
(1092),(5209),(7894),(8977),(8587),(6843),(9978),(7830),(4166),(3158),
(6600),(2388),(9398),(6655),(2966),(9042),(2500),(1666),(5138),(2450),
(4604),(2512),(5204),(1589),(2834),(309),(1090),(983),(6983),(1845);
INSERT INTO foo VALUES 
(3835),(6137),(6530),(8751),(441),(187),(7537),(8641),(5397),(8885),
(3585),(7629),(9082),(3612),(8229),(367),(5390),(865),(1491),(4295),
(9429),(1173),(5285),(4686),(8550),(381),(5668),(5373),(8007),(1016),
(4587),(6160),(3853),(4388),(2961),(8993),(4067),(3928),(3570),(2881),
(5122),(7707),(1495),(6820),(8786),(7263),(8012),(8934),(8056),(9589),
(1415),(5177),(3294),(9729),(44),(8400),(7747),(2362),(6130),(2024),
(6404),(3202),(5692),(6011),(5157),(7031),(9136),(8115),(3004),(1778),
(3599),(6929),(563),(5973),(9973),(1260),(8594),(2082),(3308),(8861),
(4112),(1174),(1383),(5491),(9403),(3770),(4072),(2612),(9340),(4819),
(7985),(1906),(1175),(6847),(8794),(1258),(7667),(5707),(4870),(2301);
INSERT INTO foo VALUES 
(2796),(3749),(7979),(4942),(1631),(6102),(8622),(1736),(4639),(2159),
(6925),(5052),(818),(506),(2965),(1416),(7476),(4794),(1014),(1672),
(1513),(75),(1141),(4567),(8489),(6650),(1697),(5383),(9259),(2255),
(433),(8436),(6410),(9257),(931),(1462),(570),(292),(50),(2365),
(2465),(7101),(1227),(3909),(4292),(9569),(3846),(9797),(3345),(5950),
(7267),(9298),(8625),(6141),(664),(5715),(7321),(3254),(3145),(1223),
(428),(6171),(4114),(3656),(3255),(8257),(8876),(4468),(9338),(1287),
(2989),(2087),(6083),(7140),(6149),(4631),(1718),(6309),(3764),(7507),
(892),(9732),(5377),(8373),(888),(9150),(8078),(4515),(6121),(6698),
(1116),(486),(8507),(9068),(3434),(410),(9715),(9328),(1185),(952);
INSERT INTO foo VALUES 
(1231),(5460),(8691),(9655),(6914),(9117),(8649),(237),(2059),(4370),
(7589),(7209),(7619),(8860),(690),(7905),(1391),(6176),(3664),(3713),
(4589),(8890),(9035),(9091),(6842),(9663),(5890),(6720),(7486),(6018),
(2294),(8064),(7427),(5704),(2170),(6397),(3973),(351),(3625),(4820),
(8769),(1573),(7227),(3263),(4525),(5507),(3809),(8872),(2570),(8450),
(5549),(9220),(2299),(1882),(1294),(3475),(1157),(2358),(2660),(8882),
(3275),(3688),(7208),(4919),(4770),(9158),(7613),(3036),(5681),(5876),
(6835),(6755),(5289),(3710),(7248),(2909),(4176),(7119),(3066),(9465),
(4758),(196),(4021),(3386),(8102),(4163),(8843),(689),(1188),(4720),
(3172),(3045),(2338),(2381),(7034),(1555),(4943),(7359),(4761),(3682);
INSERT INTO foo VALUES 
(2755),(4050),(5857),(5279),(8781),(9521),(6918),(4031),(325),(6886),
(1772),(4979),(8765),(5099),(24),(8385),(517),(6098),(9803),(9927),
(2101),(4632),(260),(9824),(3147),(4836),(6728),(9284),(9976),(270),
(1347),(2745),(6281),(4294),(2300),(939),(7967),(1063),(7326),(3657),
(1280),(6324),(4718),(6214),(4481),(538),(7715),(4544),(8369),(4224),
(5115),(164),(9846),(2564),(3427),(3560),(6767),(4025),(2406),(9853),
(4876),(2125),(2819),(6204),(2067),(3970),(1954),(5972),(1476),(7017),
(8073),(9364),(6426),(8024),(2292),(5360),(3351),(4792),(9877),(3437),
(9296),(5438),(8327),(966),(7271),(7202),(2473),(6618),(8976),(3715),
(8831),(3105),(7151),(8610),(878),(2923),(9720),(8696),(9446),(314);
INSERT INTO foo VALUES 
(5987),(7826),(6330),(2285),(9448),(8264),(2456),(1704),(8869),(2352),
(9796),(5490),(9318),(380),(1517),(4798),(8323),(1550),(393),(1923),
(583),(1664),(6462),(7315),(280),(9828),(8366),(1261),(1557),(7593),
(202),(3772),(2756),(402),(9787),(9468),(6673),(3544),(1406),(7635),
(1057),(9858),(1525),(3561),(835),(6754),(4498),(6978),(1545),(7807),
(5324),(9758),(5970),(6195),(1272),(3331),(3514),(6261),(8260),(3841),
(3939),(3946),(2291),(1158),(9860),(9839),(6894),(5809),(88),(8130),
(2270),(3163),(606),(8756),(2982),(5583),(2253),(1259),(9954),(9736),
(9407),(5458),(6751),(150),(9128),(8303),(7843),(7020),(5497),(6726),
(5926),(8182),(6708),(6943),(5985),(7000),(4380),(3238),(6877),(2295);
INSERT INTO foo VALUES 
(5843),(2209),(4917),(1086),(749),(2619),(9645),(737),(1279),(8705),
(301),(7213),(3648),(1597),(1896),(9594),(1044),(6129),(525),(4083),
(2706),(9778),(4186),(267),(2353),(5639),(6421),(217),(3191),(4531),
(5846),(2173),(6314),(7916),(6821),(860),(8873),(6750),(2403),(3833),
(4423),(6581),(2991),(8200),(2463),(8158),(8482),(8706),(9554),(5904),
(9696),(2751),(9739),(6135),(3400),(4393),(7733),(6677),(4606),(7942),
(4611),(7759),(8904),(1904),(4158),(6739),(9816),(3113),(1096),(2140),
(1989),(2805),(4250),(752),(1808),(9616),(9358),(4127),(6067),(5308),
(230),(3243),(4698),(3005),(4439),(1332),(9353),(7706),(9595),(4460),
(1636),(3714),(2723),(615),(757),(8230),(2874),(7999),(6646),(6987);
INSERT INTO foo VALUES 
(6526),(1729),(9264),(5616),(7027),(3547),(5245),(4709),(8020),(9647),
(4605),(5869),(4619),(5909),(9985),(9714),(6411),(9961),(5920),(6428),
(1988),(722),(2656),(4195),(6487),(4049),(9357),(536),(4012),(4982),
(2997),(3739),(3115),(6440),(2692),(261),(4641),(5217),(3645),(1359),
(7420),(7106),(8662),(2607),(6501),(6205),(6361),(834),(3661),(6212),
(8443),(4683),(5855),(666),(3103),(7565),(6774),(953),(396),(4070),
(6834),(2527),(3597),(4307),(8630),(1344),(6056),(338),(5330),(2521),
(4562),(7615),(9152),(4453),(7453),(6546),(3966),(6893),(1821),(8565),
(5652),(7735),(680),(9528),(3396),(8749),(2620),(3099),(9019),(1653),
(299),(64),(158),(7796),(304),(967),(9159),(6995),(5868),(5361);
INSERT INTO foo VALUES 
(7430),(3441),(9752),(4462),(8734),(9881),(7013),(1243),(4563),(3316),
(2804),(2092),(319),(7527),(9423),(2401),(62),(4915),(5276),(8342),
(4931),(8789),(6683),(4707),(6228),(1419),(1977),(8082),(4949),(4673),
(4139),(5952),(7661),(3233),(6953),(9918),(4286),(7188),(6110),(7883),
(4715),(1932),(3608),(7853),(1387),(247),(3195),(7810),(4134),(4320),
(279),(6025),(3146),(2405),(7873),(8234),(7197),(3433),(3086),(6253),
(2851),(2236),(8613),(3354),(5328),(6337),(4533),(4204),(8509),(9275),
(7419),(7935),(3440),(4145),(1721),(8524),(9180),(1317),(5979),(8287),
(3126),(8472),(9611),(1265),(9084),(3242),(9549),(9936),(2043),(4135),
(6991),(1915),(1284),(4257),(5705),(347),(6569),(9137),(3621),(2775);
INSERT INTO foo VALUES 
(1290),(6413),(5221),(3919),(9115),(5546),(845),(65),(3027),(4256),
(9426),(9557),(8495),(1159),(8710),(3125),(793),(4696),(3109),(3850),
(21),(4192),(1699),(2693),(4384),(5919),(3593),(9255),(5017),(9728),
(3018),(9039),(8471),(9130),(621),(1298),(7370),(7543),(6406),(2771),
(9055),(2616),(1148),(9087),(8038),(3596),(9127),(6634),(4360),(8259),
(3580),(1364),(497),(6746),(9497),(2227),(8694),(6489),(1512),(6676),
(1719),(9671),(2176),(1731),(5013),(3141),(7115),(483),(2786),(808),
(8042),(3915),(3416),(6255),(7932),(8801),(9997),(3592),(5874),(9179),
(5202),(199),(119),(6883),(7859),(5133),(3383),(1732),(7888),(5785),
(7686),(7387),(5365),(1916),(851),(162),(7291),(5080),(9718),(3934);
INSERT INTO foo VALUES 
(1054),(1471),(6210),(3848),(1662),(255),(4835),(6541),(1327),(626),
(8531),(1501),(2389),(5805),(7426),(9626),(3502),(3702),(4466),(7481),
(916),(8405),(7748),(5780),(3234),(6828),(1095),(8243),(3343),(7793),
(8514),(4367),(7523),(5524),(2342),(3455),(3944),(7901),(738),(416),
(8768),(8700),(7975),(1580),(238),(9282),(8319),(9723),(6973),(34),
(6479),(7260),(286),(550),(1202),(956),(1769),(1037),(2222),(81),
(9780),(4714),(6062),(3594),(2421),(8883),(3549),(227),(502),(3225),
(711),(6909),(2694),(3072),(943),(183),(4577),(5636),(1326),(4862),
(5262),(5299),(9654),(3016),(1586),(4297),(3986),(1011),(4232),(6854),
(6656),(1459),(7551),(551),(6504),(9004),(1848),(893),(8390),(1509);
INSERT INTO foo VALUES 
(4880),(1182),(9638),(7867),(6622),(7880),(1990),(6626),(4059),(8110),
(2840),(1933),(8855),(9139),(4863),(9531),(7058),(8640),(4153),(4309),
(7540),(8614),(1818),(5152),(1794),(5495),(624),(3334),(5003),(1450),
(7163),(9120),(4416),(6661),(4146),(1215),(948),(1536),(6248),(7898),
(2476),(9090),(9905),(7282),(1114),(8402),(46),(4633),(3131),(2974),
(9345),(6014),(2293),(4640),(4491),(6434),(4152),(1629),(5394),(9425),
(7270),(5405),(5350),(7138),(5002),(7468),(8180),(4574),(8407),(6633),
(1425),(7653),(783),(9295),(6511),(742),(4194),(2312),(4130),(4691),
(161),(9162),(1380),(7912),(6387),(3378),(2579),(600),(1529),(5501),
(8135),(7846),(822),(4868),(4558),(4424),(5623),(6748),(6274),(7672);
INSERT INTO foo VALUES 
(8533),(9086),(605),(1436),(1946),(1974),(8062),(1369),(6377),(7287),
(7072),(8103),(630),(6636),(8566),(1461),(5228),(73),(5788),(3176),
(9025),(7743),(9456),(1828),(8671),(896),(2793),(6858),(7725),(1723),
(8005),(2955),(8220),(8080),(385),(1870),(9213),(5505),(7396),(7643),
(9306),(6625),(3949),(6586),(5094),(4622),(8739),(443),(1134),(1864),
(7475),(962),(4867),(5821),(7275),(863),(8877),(669),(5440),(6874),
(7910),(8573),(6339),(8037),(2169),(2517),(1041),(3096),(4395),(2009),
(6941),(3662),(425),(703),(1553),(5379),(8107),(5817),(7761),(2072),
(4670),(6902),(4738),(6952),(5075),(6875),(3562),(6784),(8585),(8788),
(9580),(9693),(6373),(7890),(505),(1548),(4038),(1613),(5637),(3467);
INSERT INTO foo VALUES 
(6803),(9030),(3314),(6761),(1740),(7741),(5334),(4399),(4377),(6340),
(220),(3912),(9065),(7939),(1032),(7736),(4780),(1507),(4291),(7510),
(9763),(2726),(1147),(4948),(2206),(8408),(6221),(296),(3231),(5687),
(9502),(7760),(3817),(6892),(48),(6756),(7454),(7465),(5512),(7439),
(317),(6635),(4098),(4871),(54),(979),(2424),(3933),(2817),(523),
(4961),(9420),(635),(1411),(6362),(4791),(9495),(5049),(7836),(7435),
(6023),(884),(1919),(6782),(1602),(898),(4635),(1643),(1535),(2911),
(3080),(3226),(5141),(5374),(5156),(5266),(6538),(3407),(585),(9926),
(3425),(8834),(3462),(1320),(3509),(3217),(1413),(5446),(2641),(3278),
(2016),(500),(2245),(9372),(4588),(2746),(8953),(6870),(1863),(8493);
INSERT INTO foo VALUES 
(2841),(1683),(9572),(7107),(4440),(1160),(3284),(9272),(2883),(6217),
(2523),(4592),(875),(5239),(6081),(98),(1009),(654),(7174),(5547),
(2800),(5710),(732),(6347),(7758),(9940),(3302),(867),(6188),(2213),
(8202),(2060),(4994),(9289),(5739),(4172),(2919),(9070),(7210),(7966),
(5722),(405),(8680),(4818),(1181),(4082),(2083),(8226),(1644),(7086),
(7664),(2858),(2051),(6593),(4150),(5427),(609),(7075),(7914),(9041),
(4065),(1489),(6816),(9623),(7602),(7289),(7438),(49),(4362),(4283),
(7133),(4874),(7303),(4534),(6051),(7211),(3605),(1984),(6663),(1295),
(9879),(8893),(3684),(9726),(4409),(7218),(8384),(6232),(118),(9229),
(4486),(7762),(7099),(7350),(4087),(646),(8321),(546),(2003),(2247);
INSERT INTO foo VALUES 
(5682),(5369),(9466),(2457),(3002),(9913),(7973),(6157),(6783),(3706),
(1920),(7611),(1908),(1314),(3054),(2184),(6862),(7137),(4417),(7659),
(8241),(9486),(307),(2157),(975),(7493),(9683),(45),(7700),(2278),
(5107),(6368),(3978),(1420),(2610),(3454),(9735),(7368),(3017),(8183),
(8900),(9103),(8578),(8582),(9935),(5580),(9909),(3775),(2742),(3114),
(2614),(6458),(1166),(5311),(5327),(6456),(3673),(2167),(3404),(7618),
(9108),(2339),(9178),(4344),(4976),(383),(2826),(2199),(5489),(213),
(4890),(6174),(2634),(153),(5309),(1727),(7603),(2103),(4020),(3064),
(9390),(9568),(4731),(3727),(8332),(2518),(7610),(4155),(1209),(9053),
(9741),(5515),(2022),(4100),(2282),(9508),(9845),(8173),(5032),(5150);
INSERT INTO foo VALUES 
(1726),(3161),(6730),(3068),(8331),(7314),(8966),(8187),(1136),(3490),
(1860),(7504),(6092),(346),(1463),(7040),(5354),(9754),(2343),(4151),
(6238),(3009),(3942),(9325),(5339),(7878),(1455),(5208),(3920),(4069),
(972),(7056),(7104),(8963),(7296),(573),(6073),(371),(7450),(9573),
(9789),(3472),(7833),(3574),(4361),(2990),(1193),(27),(595),(7404),
(1140),(7024),(9643),(2001),(1633),(8120),(9662),(2665),(9121),(5835),
(9281),(9801),(3543),(1930),(4813),(906),(7687),(744),(1895),(9380),
(3082),(8286),(7080),(8570),(1981),(3299),(5543),(8030),(5796),(6170),
(3670),(9492),(5508),(3121),(1734),(5596),(9668),(7157),(9047),(8850),
(5395),(3690),(3792),(223),(3923),(4903),(1539),(841),(965),(1578);
INSERT INTO foo VALUES 
(7118),(8111),(7460),(9235),(999),(8681),(1716),(5646),(2483),(6393),
(3364),(9173),(6026),(3432),(6358),(5551),(4414),(1887),(6013),(1328),
(7561),(4024),(5025),(6584),(7524),(1948),(2164),(6498),(4734),(7484),
(2622),(4787),(9841),(3969),(8870),(6499),(677),(6427),(6981),(1962),
(674),(116),(4094),(3976),(4865),(7519),(4091),(2021),(1556),(7038),
(6901),(3215),(869),(9756),(6791),(4290),(8805),(99),(2848),(9376),
(4404),(9323),(3505),(6938),(3583),(3033),(4672),(6735),(4514),(5326),
(5143),(696),(8480),(5244),(2685),(7023),(4779),(3606),(5273),(1296),
(5983),(7637),(5840),(6038),(1568),(2749),(2849),(4383),(3507),(3078),
(4609),(9621),(4607),(5270),(7033),(7780),(4429),(3260),(90),(5009);
INSERT INTO foo VALUES 
(1561),(7917),(8129),(1608),(3449),(1187),(2501),(2298),(4363),(498),
(2226),(8380),(543),(3120),(8948),(6954),(6236),(8773),(7444),(2855),
(1238),(5493),(6955),(1191),(4413),(2031),(8022),(9268),(2378),(1702),
(4726),(2973),(8464),(3777),(926),(369),(5488),(8526),(5622),(2871),
(2088),(1047),(8048),(5603),(8912),(5965),(8525),(7325),(6597),(3798),
(1752),(2440),(8704),(4075),(4911),(5047),(8798),(8842),(4014),(6838),
(663),(8451),(4208),(8083),(1240),(7001),(9133),(5387),(124),(1753),
(7121),(2417),(7757),(8311),(8617),(8942),(8551),(9861),(639),(9387),
(8508),(3296),(8308),(5612),(4861),(2813),(7550),(2577),(4591),(3542),
(6374),(5399),(6138),(8159),(3981),(9832),(4054),(1571),(1781),(6292);
INSERT INTO foo VALUES 
(6935),(7391),(1963),(7838),(8317),(285),(561),(6180),(3531),(1992),
(5604),(5012),(9539),(4427),(7383),(1711),(6627),(7679),(8285),(8535),
(3838),(2876),(3346),(4590),(6736),(8009),(7328),(6388),(1784),(2946),
(5981),(4737),(3285),(8544),(8797),(1995),(6813),(4630),(7592),(7568),
(7216),(7541),(925),(4599),(5291),(1307),(1101),(9775),(8378),(1632),
(6399),(7745),(9641),(9494),(2508),(3548),(3523),(9223),(7456),(8920),
(3906),(2434),(1433),(6692),(1894),(2905),(1707),(4580),(4789),(182),
(2558),(6091),(6516),(5576),(212),(3499),(2913),(894),(9134),(3600),
(7316),(2309),(5599),(1020),(2333),(1176),(8946),(5453),(4484),(2555),
(1378),(7658),(2664),(2073),(7067),(8196),(7526),(9571),(3290),(122);
INSERT INTO foo VALUES 
(8828),(733),(3325),(2398),(7093),(5966),(2550),(8052),(917),(3936),
(5648),(9999),(4188),(9013),(1362),(2395),(3522),(446),(9479),(5076),
(6564),(1221),(7868),(278),(5822),(2924),(2122),(9237),(4597),(1119),
(8892),(9713),(9249),(9450),(8316),(2316),(4550),(2885),(3800),(8090),
(3118),(7196),(1301),(2888),(751),(83),(5726),(6832),(5816),(7231),
(778),(3442),(8958),(7976),(165),(2528),(1178),(7665),(3098),(2791),
(2503),(2480),(5486),(413),(8001),(3155),(3398),(796),(2721),(4756),
(3015),(9312),(6686),(3655),(8897),(9903),(310),(4459),(1374),(633),
(3268),(3938),(5757),(7046),(2432),(7148),(2374),(6268),(6398),(2034),
(9854),(6680),(2926),(4727),(6101),(1394),(8826),(8692),(1198),(4136);
INSERT INTO foo VALUES 
(92),(5522),(1880),(4545),(6860),(7605),(9920),(9351),(5939),(7978),
(6645),(9066),(3910),(1587),(8608),(201),(7616),(1931),(372),(3438),
(1628),(7155),(5132),(2091),(1665),(8667),(2124),(4628),(8730),(8265),
(853),(4657),(298),(6937),(1343),(8983),(5247),(6400),(5033),(8432),
(194),(9724),(1108),(2708),(1687),(7448),(258),(930),(4797),(8698),
(4278),(8440),(1038),(1132),(7685),(5975),(3174),(5151),(2769),(8140),
(1982),(7750),(6290),(8217),(7088),(645),(2978),(5160),(2993),(799),
(8328),(7737),(1365),(7206),(5644),(126),(2949),(8419),(3394),(7538),
(499),(9779),(667),(7909),(6543),(4799),(141),(6441),(9764),(287),
(4209),(6175),(7009),(2704),(6852),(7675),(3379),(4051),(8837),(3291);
INSERT INTO foo VALUES 
(5693),(5426),(7638),(5104),(8098),(8416),(7234),(8729),(7666),(8655),
(8603),(229),(3628),(6713),(3724),(1953),(2366),(3992),(6879),(4149),
(6533),(7597),(7204),(2544),(2930),(1648),(9144),(9044),(6418),(4668),
(8145),(9823),(2146),(3159),(2605),(3679),(3872),(4888),(8325),(5655),
(4480),(6513),(3430),(8060),(2327),(1898),(6187),(2707),(8089),(5422),
(1499),(7281),(3229),(3134),(1048),(8849),(8994),(4011),(2526),(908),
(8197),(3228),(9890),(5663),(6592),(3248),(3286),(3157),(1659),(4955),
(1998),(9263),(1204),(7217),(1843),(2985),(2569),(2468),(8896),(5159),
(5565),(2306),(5792),(404),(3239),(4489),(7848),(9406),(2161),(6951),
(3788),(7964),(5873),(907),(1263),(23),(417),(7525),(8340),(374);
INSERT INTO foo VALUES 
(8044),(2477),(3349),(4925),(7360),(7171),(1675),(5619),(6970),(7388),
(927),(7345),(1034),(7161),(3209),(3632),(7642),(6846),(6630),(7073),
(9747),(7268),(5893),(4875),(7319),(1474),(8059),(2106);
